$ 65 0.0000049999999999999996 7.619785657297057 25 7 50 1e-12
w 96 224 96 256 0
w 96 256 160 256 0
c 128 304 128 336 0 1e-8 5.032620024182827 0.001
g 208 368 208 384 0 0
w 96 96 224 96 2
R 96 96 64 96 0 0 40 12 0 0 0.5
165 160 128 176 128 6 11.99999988
w 96 224 144 224 0
w 144 224 160 224 0
34 1n5819 1 7.9e-10 0 0.464855255679909 75 1
d 32 272 32 176 2 1n5819
d -64 176 -64 272 2 1n5819
174 32 272 -48 272 0 100000 0.48020000000000007 Potentiometer
w 96 256 64 256 0
w 128 256 160 256 0
c 224 304 224 336 0 1e-8 7.9999999999999964 0.001
r 112 112 112 144 0 2000
w 112 96 112 112 0
w 112 96 96 96 0
w 112 144 112 160 0
w 112 160 160 160 0
w 288 160 352 160 0
w -16 320 0 320 0
w 32 160 112 160 0
w 224 96 352 96 0
w 352 96 352 160 0
w 224 336 224 368 0
w 128 368 208 368 0
w 224 368 208 368 0
w 224 288 224 304 0
w 128 336 128 368 0
w 128 304 128 256 0
w 256 288 272 288 0
w 272 288 272 368 0
w 272 368 224 368 0
R 448 96 448 64 0 0 40 24 0 0 0.5
34 LED-24V 1 1e-9 0 50.809002583457676 0 0.088
d 448 96 448 176 2 LED-24V
g 448 208 448 272 0 0
f 384 192 448 192 32 2.35 34.30531732418525
w 32 176 32 160 0
w -64 176 32 176 0
w 0 320 64 320 0
w 64 256 64 320 0
w -16 320 -16 288 0
x 9 61 85 64 4 10 \s5V\s<\sVCC\s<\s18V
x 12 80 79 83 6 10 VCC\s\q\s5\s-\s18V\s
r 304 192 384 192 0 4700
w 288 192 304 192 0
207 304 192 304 256 4 Output
403 -64 496 448 768 0 46_2_0_x12920e_16.99999983_0.0001_-1_2_46_3_Osciloscopio_Out
x -77 465 -14 468 4 30 OUT
o 35 4 7 x12100f 0.0001 0.0001 0 2 4.0523432287974055 37 7 4.0523432287974055
38 37 F1 1 0.01 5 -1 <a\shref\q"mosfet-beta.html"\starget\q"_blank">Beta</a>
38 5 F1 0 5 12 -1 Voltage
