$ 65 0.0000049999999999999996 2.1831051418620846 62 7 50 1e-12
w 112 192 112 224 0
w 112 224 176 224 0
c 144 272 144 304 0 1e-8 4.303887808450793 0.001
g 224 336 224 352 0 0
w 112 64 240 64 2
R 112 64 80 64 0 0 40 8.5 0 0 0.5
165 176 96 192 96 6 0
w 112 192 160 192 0
w 160 192 176 192 0
34 1n5819 1 7.9e-10 0 0.464855255679909 75 1
d 48 240 48 144 2 1n5819
d -48 144 -48 240 2 1n5819
174 48 240 -32 240 0 100000 0.47030000000000005 Potentiometer
w 112 224 80 224 0
w 144 224 176 224 0
c 240 272 240 304 0 1e-8 5.66666666666668 0.001
r 128 80 128 112 0 2000
w 128 64 128 80 0
w 128 64 112 64 0
w 128 112 128 128 0
w 128 128 176 128 0
w 304 128 368 128 0
w 0 288 16 288 0
w 48 128 128 128 0
w 240 64 368 64 0
w 368 64 368 128 0
w 240 304 240 336 0
w 144 336 224 336 0
w 240 336 224 336 0
w 240 256 240 272 0
w 144 304 144 336 0
w 144 272 144 224 0
w 272 256 288 256 0
w 288 256 288 336 0
w 288 336 240 336 0
R 464 64 464 32 0 0 40 24 0 0 0.5
34 LED-24V 1 1e-9 0 50.809002583457676 0 0.088
d 464 64 464 144 2 LED-24V
g 464 176 464 240 0 0
f 400 160 464 160 32 2.35 34.30531732418525
w 48 144 48 128 0
w -48 144 48 144 0
w 16 288 80 288 0
w 80 224 80 288 0
w 0 288 0 256 0
x 25 29 101 32 4 10 \s5V\s<\sVCC\s<\s18V
x 28 48 95 51 6 10 VCC\s\q\s5\s-\s18V\s
r 304 160 400 160 0 1000
o 35 8 7 135171 0.0001 0.0001 0 1 4.0523432287974055
o 37 2 7 x123001 0.0001 0.0001 1 1 0.0001 IRLB8721
o 9 2 7 x103001 0.0001 0.0001 2 1 0.0001
o 10 2 7 143363 0.0001 0.0001 3 1 0.0001
38 37 F1 1 0.01 5 -1 <a\shref\q"mosfet-beta.html"\starget\q"_blank">Beta</a>
38 5 F1 0 5 12 -1 Voltage
