$ 1 0.000005 0.17188692582893286 55 7 50 5e-11
w 112 192 112 224 0
w 112 224 176 224 0
c 144 272 144 304 0 8.2e-10 7.283033039522637 0.001
g 224 336 224 352 0 0
w 112 64 240 64 2
R 112 64 80 64 0 0 40 12 0 0 0.5
165 176 96 192 96 6 11.99999988
w 112 192 160 192 0
w 160 192 176 192 0
d 48 224 48 192 2 default
d -32 192 -32 224 2 default
174 32 240 0 240 1 100000 0.47030000000000005 Resistance
w 112 224 80 224 0
w 144 224 176 224 0
c 240 272 240 304 0 1e-8 7.999999999999998 0.001
r 128 80 128 112 0 2000
w 128 64 128 80 0
w 128 64 112 64 0
w 128 112 128 128 0
w 128 128 176 128 0
w 304 128 368 128 0
w 32 272 16 272 0
w 16 256 16 272 0
w 32 240 48 240 0
w 48 128 128 128 0
w 48 160 48 176 0
w -32 176 48 176 0
w 240 64 368 64 0
w 368 64 368 128 0
w 32 272 80 272 0
w 48 160 48 128 0
w 80 224 80 272 0
w -16 240 0 240 0
w 240 304 240 336 0
w 144 336 224 336 0
w 240 336 224 336 0
w 240 256 240 272 0
w -16 240 -32 240 0
w 48 224 48 240 0
w 48 176 48 192 0
w -32 176 -32 192 0
w -32 224 -32 240 0
w 144 304 144 336 0
w 144 272 144 224 0
w 272 256 288 256 0
w 288 256 288 336 0
w 288 336 240 336 0
R 464 64 464 32 0 0 40 24 0 0 0.5
34 LED-24V 1 1e-9 0 50.971998998994735 0 0.083
d 464 64 464 144 2 LED-24V
g 464 176 464 240 0 0
f 400 160 464 160 32 1.5 0.02
r 304 160 400 160 0 1000
o 5 16 7 x12b005 0.0001 0.0001 0 1 0.08123740525003767
o 15 1 7 143363 0.0001 0.0001 1 1 0.07127663654108506 RDISCH
